1696284485240 0.1312222182750702 0
1696284497177 0.7284073829650879 1
1696284507782 0.8746851682662964 2
1696284518101 0.9080555438995361 3
1696284527214 0.9253888726234436 4
1696284537092 0.9359259009361267 5
1696284546029 0.9442963004112244 6
1696284556237 0.9495555758476257 7
1696284567608 0.9531852006912231 8
1696284578447 0.9573888778686523 9
1696284589574 0.9597222208976746 10
1696284601038 0.961981475353241 11
1696284612982 0.9635555744171143 12
1696284623310 0.9655740857124329 13
1696284633551 0.9669073820114136 14
