1696284485240 2.305311679840088 0
1696284497177 0.8783915638923645 1
1696284507782 0.4096691906452179 2
1696284518101 0.30258917808532715 3
1696284527214 0.24501146376132965 4
1696284537092 0.20993293821811676 5
1696284546029 0.18402032554149628 6
1696284556237 0.16620877385139465 7
1696284567608 0.15230441093444824 8
1696284578447 0.13975059986114502 9
1696284589574 0.12906871736049652 10
1696284601038 0.12219304591417313 11
1696284612982 0.11751128733158112 12
1696284623310 0.11110099405050278 13
1696284633551 0.10643306374549866 14
