1696283817785 0.852814793586731 0
1696283826057 0.9592777490615845 1
1696283835536 0.9691110849380493 2
1696283844168 0.9736481308937073 3
1696283852905 0.9772777557373047 4
1696283862112 0.9789259433746338 5
1696283871086 0.9809073805809021 6
1696283883620 0.9822962880134583 7
1696283896277 0.9842036962509155 8
1696283908899 0.9848333597183228 9
1696283919405 0.9845555424690247 10
1696283929287 0.9851296544075012 11
1696283942272 0.9862407445907593 12
1696283952755 0.9864814877510071 13
1696283961350 0.9872592687606812 14
