1696283817785 0.5009279251098633 0
1696283826057 0.1373308002948761 1
1696283835536 0.09999343752861023 2
1696283844168 0.08577943593263626 3
1696283852905 0.0752071961760521 4
1696283862112 0.06712352484464645 5
1696283871086 0.06038135290145874 6
1696283883620 0.05679002404212952 7
1696283896277 0.051525115966796875 8
1696283908899 0.048563048243522644 9
1696283919405 0.04750801622867584 10
1696283929287 0.04742058739066124 11
1696283942272 0.04382585361599922 12
1696283952755 0.041378479450941086 13
1696283961350 0.03987082093954086 14
